eggpod 96.209717 -396.430511 -144.875000 0.000000 -152.000000 0.000000 0.000000 0.000000 1.000000 0.000000 0.000000 0.000000
reactor 1940.944214 -3672.621582 68.125000 0.000000 90.000000 0.000000 0.000000 0.000000 1.000000 0.000000 0.000000 0.000000
arm 1939.298950 -3835.278809 75.425003 0.000000 -77.000000 0.000000 0.000000 0.000000 1.000000 0.000000 0.000000 0.000000
telenode 2063.026367 -3643.921631 68.125000 0.000000 93.000000 0.000000 0.000000 0.000000 1.000000 0.000000 0.000000 0.000000
leech 51.845638 -153.315277 -139.875000 0.000000 176.000000 0.000000 0.000000 0.000000 1.000000 0.000000 0.000000 0.000000
leech 361.335480 854.742676 -139.875000 0.000000 109.000000 0.000000 0.000000 0.000000 1.000000 0.000000 0.000000 0.000000
eggpod 99.246719 -142.274536 -144.875000 0.000000 160.000000 0.000000 0.000000 0.000000 1.000000 0.000000 0.000000 0.000000
medistat 1941.913574 -3762.608887 64.125000 0.000000 4.000000 0.000000 0.000000 0.000000 1.000000 0.000000 0.000000 0.000000
telenode 1856.999268 -3756.397217 68.125000 0.000000 156.000000 0.000000 0.000000 0.000000 1.000000 0.000000 0.000000 0.000000
acid_tube 135.575073 -136.761719 -144.875000 0.000000 128.000000 0.000000 0.000000 0.000000 1.000000 0.000000 0.000000 0.000000
eggpod 125.938141 -264.511230 -144.875000 0.000000 -139.000000 0.000000 0.000000 0.000000 1.000000 0.000000 0.000000 0.000000
eggpod 126.080627 -194.875854 -144.875000 0.000000 158.000000 0.000000 0.000000 0.000000 1.000000 0.000000 0.000000 0.000000
eggpod -854.911438 -2542.131836 -178.875000 0.000000 177.000000 0.000000 0.000000 0.000000 1.000000 0.000000 0.000000 0.000000
leech -824.511719 -2871.563477 -266.134491 0.000000 -170.000000 0.000000 0.236006 -0.701781 0.672164 0.000000 0.000000 0.000000
eggpod -770.832275 -1084.475342 -648.875000 0.000000 144.000000 0.000000 0.000000 0.000000 1.000000 0.000000 0.000000 0.000000
barricade 217.258148 -272.833588 -144.875000 0.000000 155.000000 0.000000 0.000000 0.000000 1.000000 0.000000 0.000000 0.000000
mgturret 1790.851685 -3789.731445 84.125000 0.000000 -141.000000 0.000000 0.000000 0.000000 1.000000 0.000000 0.000000 0.000000
mgturret 1928.031494 -3903.830566 84.125000 0.000000 -76.000000 0.000000 0.000000 0.000000 1.000000 0.000000 180.000000 0.000000
eggpod 22.681488 -422.446930 79.125000 0.000000 -145.000000 0.000000 0.000000 0.000000 1.000000 0.000000 0.000000 0.000000
eggpod -97.254822 539.488159 -144.875000 0.000000 138.000000 0.000000 0.000000 0.000000 1.000000 0.000000 0.000000 0.000000
eggpod 571.578186 -50.945198 -92.315521 0.000000 -99.000000 0.000000 0.000000 0.913812 0.406138 0.000000 0.000000 0.000000
eggpod 776.133911 422.545563 -144.875000 0.000000 0.000000 0.000000 0.000000 0.000000 1.000000 0.000000 0.000000 0.000000
eggpod 729.783020 116.507706 -144.875000 0.000000 -91.000000 0.000000 0.000000 0.000000 1.000000 0.000000 0.000000 0.000000
acid_tube 635.317627 210.832993 -144.875000 0.000000 -140.000000 0.000000 0.000000 0.000000 1.000000 0.000000 0.000000 0.000000
acid_tube 736.273438 -403.366516 -80.875000 0.000000 -101.000000 0.000000 0.000000 0.000000 1.000000 0.000000 0.000000 0.000000
eggpod 759.523743 -325.958313 -144.875000 0.000000 -92.000000 0.000000 0.000000 0.000000 1.000000 0.000000 0.000000 0.000000
acid_tube 610.296143 -59.095329 -144.875000 0.000000 -98.000000 0.000000 0.000000 0.000000 1.000000 0.000000 0.000000 0.000000
acid_tube 558.146973 -38.579620 -144.875000 0.000000 -132.000000 0.000000 0.000000 0.000000 1.000000 0.000000 0.000000 0.000000
eggpod 117.808525 -55.746593 -144.875000 0.000000 -93.000000 0.000000 0.000000 0.000000 1.000000 0.000000 0.000000 0.000000
acid_tube 114.674820 -18.404499 -144.875000 0.000000 -48.000000 0.000000 0.000000 0.000000 1.000000 0.000000 0.000000 0.000000
acid_tube 1.953308 452.515503 -144.875000 0.000000 -173.000000 0.000000 0.000000 0.000000 1.000000 0.000000 0.000000 0.000000
acid_tube -233.938644 906.123291 43.530338 0.000000 95.000000 0.000000 0.000000 -0.524097 0.851658 0.000000 0.000000 0.000000
acid_tube -346.890076 659.252991 7.125000 0.000000 -59.000000 0.000000 0.000000 0.000000 1.000000 0.000000 0.000000 0.000000
leech -237.457794 954.500854 78.301125 0.000000 57.000000 0.000000 0.000000 -0.524097 0.851658 0.000000 0.000000 0.000000
eggpod -288.136078 956.373657 71.376724 0.000000 94.000000 0.000000 0.000000 -0.524097 0.851658 0.000000 0.000000 0.000000
acid_tube -62.498047 407.772980 79.125000 0.000000 -12.000000 0.000000 0.000000 0.000000 1.000000 0.000000 0.000000 0.000000
leech 809.592041 -325.713623 -139.875000 0.000000 -87.000000 0.000000 0.000000 0.000000 1.000000 0.000000 0.000000 0.000000
eggpod 671.329834 220.660294 79.125000 0.000000 -138.000000 0.000000 0.000000 0.000000 1.000000 0.000000 0.000000 0.000000
acid_tube 680.861206 182.241425 79.125000 0.000000 -111.000000 0.000000 0.000000 0.000000 1.000000 0.000000 0.000000 0.000000
acid_tube 81.151093 -423.654907 79.125000 0.000000 -128.000000 0.000000 0.000000 0.000000 1.000000 0.000000 0.000000 0.000000
overmind 55.216934 -219.531326 -144.875000 0.000000 175.000000 0.000000 0.000000 0.000000 1.000000 0.000000 0.000000 0.000000
mgturret 1862.534668 -3821.784912 84.125000 0.000000 -151.000000 0.000000 0.000000 0.000000 1.000000 0.000000 0.000000 0.000000
mgturret 2089.325439 -3828.256104 84.125000 0.000000 -34.000000 0.000000 0.000000 0.000000 1.000000 0.000000 0.000000 0.000000
drill 2375.735352 -3625.646729 79.125000 0.000000 39.000000 0.000000 0.000000 0.000000 1.000000 0.000000 0.000000 0.000000
mgturret 2195.334717 -3705.515625 84.125000 0.000000 -56.000000 0.000000 0.000000 0.000000 1.000000 0.000000 0.000000 0.000000
mgturret 2366.382568 -3750.525391 84.125000 0.000000 -74.000000 0.000000 0.000000 0.000000 1.000000 0.000000 0.000000 0.000000
mgturret 2287.144287 -3693.607178 84.125000 0.000000 -70.000000 0.000000 0.000000 0.000000 1.000000 0.000000 0.000000 0.000000
mgturret 2142.493164 -3757.417725 84.125000 0.000000 -71.000000 0.000000 0.000000 0.000000 1.000000 0.000000 0.000000 0.000000
mgturret 1840.515137 -3684.717773 84.125000 0.000000 124.000000 0.000000 0.000000 0.000000 1.000000 0.000000 0.000000 0.000000
